     1  -1.000027672231744       1   1 0  0 0  0 0
     2  0.7439448190538098E-03   1   0 1  0 0  0 0
     3  -.5929043674815046E-10   1   0 0  0 0  0 1
     4  0.1867390291047040       2   2 0  0 0  0 0
     5  0.3118682918565605       2   1 1  0 0  0 0
     6  0.1144557381082887E-03   2   0 2  0 0  0 0
     7  -1.117372766435970       2   0 0  2 0  0 0
     8  0.2859484188623615       2   0 0  1 1  0 0
     9   14.73377211267752       2   1 0  0 0  0 1
    10  -197.9854247945848       2   0 1  0 0  0 1
    11  -.4421972172204349E-03   2   0 0  0 2  0 0
    12  0.6050161756878487E-01   2   0 0  0 0  0 2
    13  -1623.772264804626       3   3 0  0 0  0 0
    14   82.23476828404938       3   2 1  0 0  0 0
    15  -48.57160783559445       3   1 2  0 0  0 0
    16   435.0048126857711       3   0 3  0 0  0 0
    17  -9714.233268003863       3   1 0  2 0  0 0
    18   3297.880585286015       3   0 1  2 0  0 0
    19   157.2132075494640       3   1 0  1 1  0 0
    20  -840.2371356773884       3   0 1  1 1  0 0
    21   1390.263599705412       3   2 0  0 0  0 1
    22  -171.5976852187133       3   1 1  0 0  0 1
    23   47.02384575316698       3   0 2  0 0  0 1
    24   14203.23194308165       3   0 0  2 0  0 1
    25  -3.938933504601929       3   1 0  0 2  0 0
    26   99.59139360832035       3   0 1  0 2  0 0
    27  -130.9237889342020       3   0 0  1 1  0 1
    28  -1961699.097540406       3   1 0  0 0  0 2
    29   103.4615196486003       3   0 1  0 0  0 2
    30   7.769506186652586       3   0 0  0 2  0 1
    31  -344.1370355027363       3   0 0  0 0  0 3
    32  -591816.9764930642       4   4 0  0 0  0 0
    33   54378.37534348106       4   3 1  0 0  0 0
    34   8625.936377428576       4   2 2  0 0  0 0
    35  -329.1770021415515       4   1 3  0 0  0 0
    36  -169.6200966435932       4   0 4  0 0  0 0
    37  -6364310.627029006       4   2 0  2 0  0 0
    38   310053.3259154348       4   1 1  2 0  0 0
    39   3529.706384201103       4   0 2  2 0  0 0
    40  -27049217.13226844       4   0 0  4 0  0 0
    41   19371.69741156836       4   2 0  1 1  0 0
    42   1964.801215840662       4   1 1  1 1  0 0
    43   596.8034269971951       4   0 2  1 1  0 0
    44   254652.1006268955       4   0 0  3 1  0 0
    45   432151293.4207903       4   3 0  0 0  0 1
    46  -6084198.442131291       4   2 1  0 0  0 1
    47   12950055.91437335       4   1 2  0 0  0 1
    48   4417.507547070316       4   0 3  0 0  0 1
    49   2567572936.308326       4   1 0  2 0  0 1
    50  -100380800.2008029       4   0 1  2 0  0 1
    51   642.4820950811007       4   2 0  0 2  0 0
    52  -75.51806024088268       4   1 1  0 2  0 0
    53  -69.87373787739530       4   0 2  0 2  0 0
    54  -1505.450627948304       4   0 0  2 2  0 0
    55  -26876994.22313078       4   1 0  1 1  0 1
    56   12878903.59898002       4   0 1  1 1  0 1
    57   434560.5295164626       4   2 0  0 0  0 2
    58   859682.4017273990       4   1 1  0 0  0 2
    59  -28146.24078871014       4   0 2  0 0  0 2
    60  -4140234.327003619       4   0 0  2 0  0 2
    61   115.7719649327863       4   0 0  1 3  0 0
    62   1014126.777588297       4   1 0  0 2  0 1
    63  -42497.49624652518       4   0 1  0 2  0 1
    64   1355498.584833791       4   0 0  1 1  0 2
    65   145259909.5626758       4   1 0  0 0  0 3
    66  -194356285.0466620       4   0 1  0 0  0 3
    67  -5.409974914333943       4   0 0  0 4  0 0
    68  -3323.623159458713       4   0 0  0 2  0 2
    69  -304862.8449702065       4   0 0  0 0  0 4
    70  -230919411.0948215       5   5 0  0 0  0 0
    71   1125350516.298418       5   4 1  0 0  0 0
    72  -2841511808.461650       5   3 2  0 0  0 0
    73   4263742.615356199       5   2 3  0 0  0 0
    74  -84277.38540377800       5   1 4  0 0  0 0
    75  -16445.95734293752       5   0 5  0 0  0 0
    76  -19408667735.67646       5   3 0  2 0  0 0
    77   26109767088.47537       5   2 1  2 0  0 0
    78  -16366361734.03336       5   1 2  2 0  0 0
    79   10805511.96020832       5   0 3  2 0  0 0
    80  -117437762835.4198       5   1 0  4 0  0 0
    81   176412960639.2191       5   0 1  4 0  0 0
    82   3925322846.261196       5   3 0  1 1  0 0
    83  -2554641294.052537       5   2 1  1 1  0 0
    84   58194331.82253714       5   1 2  1 1  0 0
    85  -738928.2901963929       5   0 3  1 1  0 0
    86   24528079886.77591       5   1 0  3 1  0 0
    87  -23342560119.17683       5   0 1  3 1  0 0
    88  -236385931.0107291       5   4 0  0 0  0 1
    89  -137810472.1091362       5   3 1  0 0  0 1
    90  -2704848.925977482       5   2 2  0 0  0 1
    91  -7887137.569576942       5   1 3  0 0  0 1
    92   88513.84109015801       5   0 4  0 0  0 1
    93  -1018623697.193418       5   2 0  2 0  0 1
    94  -2168229668.138593       5   1 1  2 0  0 1
    95   87140176.28049509       5   0 2  2 0  0 1
    96   31726894648.05690       5   0 0  4 0  0 1
    97  -220203224.3712520       5   3 0  0 2  0 0
    98   4700867.475216014       5   2 1  0 2  0 0
    99  -86717.07501022283       5   1 2  0 2  0 0
   100   38833.13100930455       5   0 3  0 2  0 0
   101  -1359200353.844253       5   1 0  2 2  0 0
   102   120982912.2333139       5   0 1  2 2  0 0
   103  -338075511.0400609       5   2 0  1 1  0 1
   104   8734020.536835358       5   1 1  1 1  0 1
   105  -14162472.39142370       5   0 2  1 1  0 1
   106  -4095073997.292745       5   0 0  3 1  0 1
   107  -144947215184.2909       5   3 0  0 0  0 2
   108   385323830991.0900       5   2 1  0 0  0 2
   109  -2434031892.198430       5   1 2  0 0  0 2
   110   1709055967.488078       5   0 3  0 0  0 2
   111  -4243310037544.734       5   1 0  2 0  0 2
   112   1091602179502.489       5   0 1  2 0  0 2
   113   4756333.815963696       5   1 0  1 3  0 0
   114  -678002.3012841814       5   0 1  1 3  0 0
   115  -1730692.144307165       5   2 0  0 2  0 1
   116  -1543871.800392476       5   1 1  0 2  0 1
   117   54308.13643645052       5   0 2  0 2  0 1
   118   61122430.95105822       5   0 0  2 2  0 1
   119   387109023342.5862       5   1 0  1 1  0 2
   120  -18945041442.02000       5   0 1  1 1  0 2
   121   5431679521.126304       5   2 0  0 0  0 3
   122  -678664056.0883632       5   1 1  0 0  0 3
   123   75901163.50378925       5   0 2  0 0  0 3
   124   82786355476.61250       5   0 0  2 0  0 3
   125  -6846.604258837271       5   1 0  0 4  0 0
   126   15753.46273876214       5   0 1  0 4  0 0
   127  -2180005.909173241       5   0 0  1 3  0 1
   128  -1190527702.492776       5   1 0  0 2  0 2
   129   526271207.5912613       5   0 1  0 2  0 2
   130  -601866039.1982266       5   0 0  1 1  0 3
   131  -3844083944883.578       5   1 0  0 0  0 4
   132   13794078286.37416       5   0 1  0 0  0 4
   133   6781.956942733792       5   0 0  0 4  0 1
   134   22352381.42503850       5   0 0  0 2  0 3
   135  -692366254.9126890       5   0 0  0 0  0 5
   136  -118450746152.4484       6   6 0  0 0  0 0
   137  -77493225358.75970       6   5 1  0 0  0 0
   138   10270347616.66185       6   4 2  0 0  0 0
   139   3280963741.592154       6   3 3  0 0  0 0
   140  -91224637.84965608       6   2 4  0 0  0 0
   141  -3684325.334907447       6   1 5  0 0  0 0
   142   78216.17830834686       6   0 6  0 0  0 0
   143  -1493082583018.412       6   4 0  2 0  0 0
   144  -584964708011.9966       6   3 1  2 0  0 0
   145   58948840742.44293       6   2 2  2 0  0 0
   146   18472528440.55156       6   1 3  2 0  0 0
   147  -176155665.9363231       6   0 4  2 0  0 0
   148  -8849278125055.385       6   2 0  4 0  0 0
   149  -1185616898445.547       6   1 1  4 0  0 0
   150  -110323996440.0515       6   0 2  4 0  0 0
   151  -33031907932288.67       6   0 0  6 0  0 0
   152  -50117737662.22089       6   4 0  1 1  0 0
   153   5788175562.773217       6   3 1  1 1  0 0
   154   4723183149.253277       6   2 2  1 1  0 0
   155  -120680088.2570561       6   1 3  1 1  0 0
   156  -124990.2328533494       6   0 4  1 1  0 0
   157  -330274072795.1886       6   2 0  3 1  0 0
   158   65238386907.55481       6   1 1  3 1  0 0
   159   33816939624.82470       6   0 2  3 1  0 0
   160   761732748552.1490       6   0 0  5 1  0 0
   161   30798081888851.36       6   5 0  0 0  0 1
   162  -113022970509732.5       6   4 1  0 0  0 1
   163   1376376332852.921       6   3 2  0 0  0 1
   164  -1133451395554.487       6   2 3  0 0  0 1
   165   5285463001.580064       6   1 4  0 0  0 1
   166  -2823564443.904648       6   0 5  0 0  0 1
   167   1270786290657125.       6   3 0  2 0  0 1
   168  -991125886963341.6       6   2 1  2 0  0 1
   169   22096474609095.26       6   1 2  2 0  0 1
   170  -2346629645551.999       6   0 3  2 0  0 1
   171   8486035117022656.       6   1 0  4 0  0 1
   172  -3063540644746862.       6   0 1  4 0  0 1
   173   896782217.0080838       6   4 0  0 2  0 0
   174   518658860.1052072       6   3 1  0 2  0 0
   175  -19469576.86390590       6   2 2  0 2  0 0
   176  -1154055.678498826       6   1 3  0 2  0 0
   177  -11365.44724539296       6   0 4  0 2  0 0
   178  -3525385703.169930       6   2 0  2 2  0 0
   179   3789196155.193007       6   1 1  2 2  0 0
   180  -222687542.4001240       6   0 2  2 2  0 0
   181  -90339044837.68117       6   0 0  4 2  0 0
   182  -108966751479833.2       6   3 0  1 1  0 1
   183   9186203339263.215       6   2 1  1 1  0 1
   184  -1675006482056.704       6   1 2  1 1  0 1
   185   42850693258.31297       6   0 3  1 1  0 1
   186  -857210405183910.8       6   1 0  3 1  0 1
   187   77174113775394.05       6   0 1  3 1  0 1
   188  -3968573508672.930       6   4 0  0 0  0 2
   189  -60253783585.01456       6   3 1  0 0  0 2
   190  -212662009455.2573       6   2 2  0 0  0 2
   191   6032460825.292860       6   1 3  0 0  0 2
   192  -1142470388.824785       6   0 4  0 0  0 2
   193  -86681417063547.33       6   2 0  2 0  0 2
   194   3126827417686.100       6   1 1  2 0  0 2
   195  -1076712964765.922       6   0 2  2 0  0 2
   196  -484647410044823.4       6   0 0  4 0  0 2
   197   595181438.7592679       6   2 0  1 3  0 0
   198  -21204692.28174848       6   1 1  1 3  0 0
   199   701330.8397848490       6   0 2  1 3  0 0
   200   5136688254.488213       6   0 0  3 3  0 0
   201   337199864754.0498       6   3 0  0 2  0 1
   202  -201471875392.1558       6   2 1  0 2  0 1
   203   6394445562.997862       6   1 2  0 2  0 1
   204  -1540602864.038412       6   0 3  0 2  0 1
   205   9286147430729.475       6   1 0  2 2  0 1
   206  -2474614466117.539       6   0 1  2 2  0 1
   207  -574902768506.9443       6   2 0  1 1  0 2
   208  -579748360885.9375       6   1 1  1 1  0 2
   209   19105047579.89217       6   0 2  1 1  0 2
   210   12294419289798.28       6   0 0  3 1  0 2
   211   5091873892393673.       6   3 0  0 0  0 3
   212  -110001721491118.3       6   2 1  0 0  0 3
   213   114344467945340.1       6   1 2  0 0  0 3
   214  -203165259146.5894       6   0 3  0 0  0 3
   215  0.4290352557446377E+17   6   1 0  2 0  0 3
   216  -1785105989954013.       6   0 1  2 0  0 3
   217  -882700.9103460726       6   2 0  0 4  0 0
   218  -106479.6407371669       6   1 1  0 4  0 0
   219  -20930.76611325609       6   0 2  0 4  0 0
   220  -28672509.13683179       6   0 0  2 4  0 0
   221  -182422038464.5212       6   1 0  1 3  0 1
   222   23385017612.76052       6   0 1  1 3  0 1
   223  -10592867829.92907       6   2 0  0 2  0 2
   224   674044382.8718866       6   1 1  0 2  0 2
   225  -664338874.3152260       6   0 2  0 2  0 2
   226  -611528265795.1755       6   0 0  2 2  0 2
   227  -582387478711534.8       6   1 0  1 1  0 3
   228   147760467711076.2       6   0 1  1 1  0 3
   229   1640484749198.863       6   2 0  0 0  0 4
   230   2285961352027.914       6   1 1  0 0  0 4
   231  -86492047328.19633       6   0 2  0 0  0 4
   232  -15983115861262.07       6   0 0  2 0  0 4
   233   108341.7099842151       6   0 0  1 5  0 0
   234   622797343.4174898       6   1 0  0 4  0 1
   235  -307109151.7731944       6   0 1  0 4  0 1
   236   4948396756.907864       6   0 0  1 3  0 2
   237   12259954541889.33       6   1 0  0 2  0 3
   238  -578002189340.8630       6   0 1  0 2  0 3
   239   5688728132406.331       6   0 0  1 1  0 4
   240   512642236327409.2       6   1 0  0 0  0 5
   241  -380770692151636.2       6   0 1  0 0  0 5
   242  -1792.016023211820       6   0 0  0 6  0 0
   243  -63436337.46428850       6   0 0  0 4  0 2
   244  -13780749119.07360       6   0 0  0 2  0 4
   245  -555767673092.0240       6   0 0  0 0  0 6
     1  0.7439448206293775E-01   1   1 0  0 0  0 0
     2  -1.000027672231744       1   0 1  0 0  0 0
     3  0.3695453008898191E-08   1   0 0  0 0  0 1
     4  -13.23506882321061       2   2 0  0 0  0 0
     5  0.3734780582094079       2   1 1  0 0  0 0
     6  0.1559341459282803       2   0 2  0 0  0 0
     7  -10.87198583640936       2   0 0  2 0  0 0
     8  0.4096479492786623       2   0 0  1 1  0 0
     9  -19803.96794793654       2   1 0  0 0  0 1
    10   14.73377211267752       2   0 1  0 0  0 1
    11  0.5974653712516122E-02   2   0 0  0 2  0 0
    12  -3.589045922801869       2   0 0  0 0  0 2
    13   4350975.671111559       3   3 0  0 0  0 0
    14  -4871.316794413879       3   2 1  0 0  0 0
    15   82.23476828404938       3   1 2  0 0  0 0
    16  -16.19053594519815       3   0 3  0 0  0 0
    17   25035725.71752624       3   1 0  2 0  0 0
    18  -9714.233268003863       3   0 1  2 0  0 0
    19  -84132.58306483520       3   1 0  1 1  0 0
    20   157.2132075494640       3   0 1  1 1  0 0
    21   23180.51254856496       3   2 0  0 0  0 1
    22   2780.527199410825       3   1 1  0 0  0 1
    23  -85.79884260935664       3   0 2  0 0  0 1
    24   88093.65665971326       3   0 0  2 0  0 1
    25   79.00272479889321       3   1 0  0 2  0 0
    26  -3.938933504601929       3   0 1  0 2  0 0
    27   2213.738636273962       3   0 0  1 1  0 1
    28   1526969.736576692       3   1 0  0 0  0 2
    29  -1961699.097540406       3   0 1  0 0  0 2
    30   7.104725105377755       3   0 0  0 2  0 1
    31  -3073.895458052931       3   0 0  0 0  0 3
    32  -12224811.45780847       4   4 0  0 0  0 0
    33  -2367267.905972257       4   3 1  0 0  0 0
    34   81567.56301522159       4   2 2  0 0  0 0
    35   5750.624251619050       4   1 3  0 0  0 0
    36  -82.29425053538787       4   0 4  0 0  0 0
    37  -113113691.2137556       4   2 0  2 0  0 0
    38  -12728621.25405801       4   1 1  2 0  0 0
    39   155026.6629577174       4   0 2  2 0  0 0
    40  -195976122.2928059       4   0 0  4 0  0 0
    41  -1637073.297051626       4   2 0  1 1  0 0
    42   38743.39482313671       4   1 1  1 1  0 0
    43   982.4006079203309       4   0 2  1 1  0 0
    44  -3004604.286203709       4   0 0  3 1  0 0
    45  -867819678.4470899       4   3 0  0 0  0 1
    46   1296453880.262371       4   2 1  0 0  0 1
    47  -6084198.442131291       4   1 2  0 0  0 1
    48   4316685.304791116       4   0 3  0 0  0 1
    49  -20885177306.27303       4   1 0  2 0  0 1
    50   2567572936.308326       4   0 1  2 0  0 1
    51   1812.492894131630       4   2 0  0 2  0 0
    52   1284.964190162201       4   1 1  0 2  0 0
    53  -37.75903012044134       4   0 2  0 2  0 0
    54   6539.520302127956       4   0 0  2 2  0 0
    55   1300468738.408949       4   1 0  1 1  0 1
    56  -26876994.22313078       4   0 1  1 1  0 1
    57   3117829.441614713       4   2 0  0 0  0 2
    58   869121.0590329252       4   1 1  0 0  0 2
    59   429841.2008636995       4   0 2  0 0  0 2
    60   188930894.5106760       4   0 0  2 0  0 2
    61   549.6946766241584       4   0 0  1 3  0 0
    62  -2486259.118722911       4   1 0  0 2  0 1
    63   1014126.777588297       4   0 1  0 2  0 1
    64   5254606.023023136       4   0 0  1 1  0 2
    65  -38808280222.89755       4   1 0  0 0  0 3
    66   145259909.5626758       4   0 1  0 0  0 3
    67  -7.714334733428032       4   0 0  0 4  0 0
    68   29187.39181061728       4   0 0  0 2  0 2
    69  -6979874.149393514       4   0 0  0 0  0 4
    70   64398992852.69035       5   5 0  0 0  0 0
    71  -1154597055.474108       5   4 1  0 0  0 0
    72   2250701032.596835       5   3 2  0 0  0 0
    73  -2841511808.461650       5   2 3  0 0  0 0
    74   2131871.307678099       5   1 4  0 0  0 0
    75  -16855.47708075560       5   0 5  0 0  0 0
    76   2367768718451.134       5   3 0  2 0  0 0
    77  -58226003207.02937       5   2 1  2 0  0 0
    78   26109767088.47537       5   1 2  2 0  0 0
    79  -5455453911.344453       5   0 3  2 0  0 0
    80   17824456859826.59       5   1 0  4 0  0 0
    81  -117437762835.4198       5   0 1  4 0  0 0
    82  -10797480661.48345       5   3 0  1 1  0 0
    83   11775968538.78359       5   2 1  1 1  0 0
    84  -2554641294.052537       5   1 2  1 1  0 0
    85   19398110.60751238       5   0 3  1 1  0 0
    86  -292719994136.1753       5   1 0  3 1  0 0
    87   24528079886.77591       5   0 1  3 1  0 0
    88  -28146047205.89301       5   4 0  0 0  0 1
    89  -945543724.0429163       5   3 1  0 0  0 1
    90  -206715708.1637043       5   2 2  0 0  0 1
    91  -1803232.617318321       5   1 3  0 0  0 1
    92  -1971784.392394236       5   0 4  0 0  0 1
    93  -356492920858.9437       5   2 0  2 0  0 1
    94  -2037247394.386835       5   1 1  2 0  0 1
    95  -1084114834.069296       5   0 2  2 0  0 1
    96  -557351641033.7251       5   0 0  4 0  0 1
    97   169382098.9716402       5   3 0  0 2  0 0
    98  -660609673.1137559       5   2 1  0 2  0 0
    99   4700867.475216014       5   1 2  0 2  0 0
   100  -28905.69167007428       5   0 3  0 2  0 0
   101   21967182500.51206       5   1 0  2 2  0 0
   102  -1359200353.844253       5   0 1  2 2  0 0
   103  -5645025247.409417       5   2 0  1 1  0 1
   104  -676151022.0801218       5   1 1  1 1  0 1
   105   4367010.268417679       5   0 2  1 1  0 1
   106  -17288734300.34116       5   0 0  3 1  0 1
   107   34214376128575.12       5   3 0  0 0  0 2
   108  -434841645552.8726       5   2 1  0 0  0 2
   109   385323830991.0900       5   1 2  0 0  0 2
   110  -811343964.0661434       5   0 3  0 0  0 2
   111   261957172131375.8       5   1 0  2 0  0 2
   112  -4243310037544.734       5   0 1  2 0  0 2
   113  -940006202.3588200       5   1 0  1 3  0 0
   114   4756333.815963696       5   0 1  1 3  0 0
   115   20111107.23178280       5   2 0  0 2  0 1
   116  -3461384.288614331       5   1 1  0 2  0 1
   117  -771935.9001962381       5   0 2  0 2  0 1
   118   86674877.47742845       5   0 0  2 2  0 1
   119  -2312589270475.801       5   1 0  1 1  0 2
   120   387109023342.5862       5   0 1  1 1  0 2
   121   88362799018.70845       5   2 0  0 0  0 3
   122   10863359042.25261       5   1 1  0 0  0 3
   123  -339332028.0441816       5   0 2  0 0  0 3
   124   604409571897.8407       5   0 0  2 0  0 3
   125   1518992.837656494       5   1 0  0 4  0 0
   126  -6846.604258837271       5   0 1  0 4  0 0
   127  -6020763.299698332       5   0 0  1 3  0 1
   128   37575357010.81271       5   1 0  0 2  0 2
   129  -1190527702.492776       5   0 1  0 2  0 2
   130   11435792105.52334       5   0 0  1 1  0 3
   131   5293724752960.883       5   1 0  0 0  0 4
   132  -3844083944883.578       5   0 1  0 0  0 4
   133  -11843.40036459791       5   0 0  0 4  0 1
   134   79781188.13791797       5   0 0  0 2  0 3
   135  -5588747091.081207       5   0 0  0 0  0 5
   136   8845175848483.652       6   6 0  0 0  0 0
   137  -710704476914.6904       6   5 1  0 0  0 0
   138  -193733063396.8993       6   4 2  0 0  0 0
   139   13693796822.21580       6   3 3  0 0  0 0
   140   2460722806.194116       6   2 4  0 0  0 0
   141  -36489855.13986243       6   1 5  0 0  0 0
   142  -614054.2224845745       6   0 6  0 0  0 0
   143   130493006989515.3       6   4 0  2 0  0 0
   144  -5972330332073.647       6   3 1  2 0  0 0
   145  -877447062017.9949       6   2 2  2 0  0 0
   146   39299227161.62862       6   1 3  2 0  0 0
   147   4618132110.137889       6   0 4  2 0  0 0
   148   617943646105855.4       6   2 0  4 0  0 0
   149  -17698556250110.77       6   1 1  4 0  0 0
   150  -592808449222.7733       6   0 2  4 0  0 0
   151   533410491157337.2       6   0 0  6 0  0 0
   152  -269070331166.4929       6   4 0  1 1  0 0
   153  -200470950648.8835       6   3 1  1 1  0 0
   154   8682263344.159826       6   2 2  1 1  0 0
   155   3148788766.168851       6   1 3  1 1  0 0
   156  -30170022.06426402       6   0 4  1 1  0 0
   157  -2582875625327.508       6   2 0  3 1  0 0
   158  -660548145590.3772       6   1 1  3 1  0 0
   159   32619193453.77740       6   0 2  3 1  0 0
   160  -2084733152258.622       6   0 0  5 1  0 0
   161  -5666950977790229.       6   5 0  0 0  0 1
   162   153990409444256.8       6   4 1  0 0  0 1
   163  -226045941019465.0       6   3 2  0 0  0 1
   164   1376376332852.921       6   2 3  0 0  0 1
   165  -566725697777.2435       6   1 4  0 0  0 1
   166   1057092600.316013       6   0 5  0 0  0 1
   167  -.7805639765577259E+17   6   3 0  2 0  0 1
   168   3812358871971376.       6   2 1  2 0  0 1
   169  -991125886963341.6       6   1 2  2 0  0 1
   170   7365491536365.086       6   0 3  2 0  0 1
   171  -.3933029993369466E+18   6   1 0  4 0  0 1
   172   8486035117022656.       6   0 1  4 0  0 1
   173  -14757428672.08618       6   4 0  0 2  0 0
   174   3587128868.032335       6   3 1  0 2  0 0
   175   777988290.1578108       6   2 2  0 2  0 0
   176  -12979717.90927060       6   1 3  0 2  0 0
   177  -288513.9196247066       6   0 4  0 2  0 0
   178  -259519287444.5443       6   2 0  2 2  0 0
   179  -7050771406.339859       6   1 1  2 2  0 0
   180   1894598077.596503       6   0 2  2 2  0 0
   181  -641427170043.5894       6   0 0  4 2  0 0
   182   724176071042416.2       6   3 0  1 1  0 1
   183  -326900254439499.6       6   2 1  1 1  0 1
   184   9186203339263.215       6   1 2  1 1  0 1
   185  -558335494018.9012       6   0 3  1 1  0 1
   186  0.1069153157203656E+17   6   1 0  3 1  0 1
   187  -857210405183910.8       6   0 1  3 1  0 1
   188  -111241456532085.6       6   4 0  0 0  0 2
   189  -15874294034691.72       6   3 1  0 0  0 2
   190  -90380675377.52184       6   2 2  0 0  0 2
   191  -141774672970.1715       6   1 3  0 0  0 2
   192   1508115206.323215       6   0 4  0 0  0 2
   193  -1561849456695084.       6   2 0  2 0  0 2
   194  -173362834127094.7       6   1 1  2 0  0 2
   195   1563413708843.050       6   0 2  2 0  0 2
   196  -3197575695473780.       6   0 0  4 0  0 2
   197   6076203584.548828       6   2 0  1 3  0 0
   198   1190362877.518536       6   1 1  1 3  0 0
   199  -10602346.14087424       6   0 2  1 3  0 0
   200   18425432201.93749       6   0 0  3 3  0 0
   201  -18033560738572.41       6   3 0  0 2  0 1
   202   1011599594262.149       6   2 1  0 2  0 1
   203  -201471875392.1558       6   1 2  0 2  0 1
   204   2131481854.332621       6   0 3  0 2  0 1
   205  -453162381792036.6       6   1 0  2 2  0 1
   206   9286147430729.475       6   0 1  2 2  0 1
   207  -13283341536900.95       6   2 0  1 1  0 2
   208  -1149805537013.889       6   1 1  1 1  0 2
   209  -289874180442.9688       6   0 2  1 1  0 2
   210  -28627554877043.81       6   0 0  3 1  0 2
   211  -.1017354474905475E+17   6   3 0  0 0  0 3
   212  0.1527562167718102E+17   6   2 1  0 0  0 3
   213  -110001721491118.3       6   1 2  0 0  0 3
   214   38114822648446.70       6   0 3  0 0  0 3
   215  -.3166181272868767E+18   6   1 0  2 0  0 3
   216  0.4290352557446377E+17   6   0 1  2 0  0 3
   217   13999252.85615178       6   2 0  0 4  0 0
   218  -1765401.820692145       6   1 1  0 4  0 0
   219  -53239.82036858347       6   0 2  0 4  0 0
   220   112259140.4120862       6   0 0  2 4  0 0
   221   3212894091634.218       6   1 0  1 3  0 1
   222  -182422038464.5212       6   0 1  1 3  0 1
   223  -178751660768.1270       6   2 0  0 2  0 2
   224  -21185735659.85815       6   1 1  0 2  0 2
   225   337022191.4359433       6   0 2  0 2  0 2
   226  -2191262642440.891       6   0 0  2 2  0 2
   227  0.1883941234825179E+17   6   1 0  1 1  0 3
   228  -582387478711534.8       6   0 1  1 1  0 3
   229   61435705430013.23       6   2 0  0 0  0 4
   230   3280969498397.726       6   1 1  0 0  0 4
   231   1142980676013.957       6   0 2  0 0  0 4
   232   932146688289974.2       6   0 0  2 0  0 4
   233  -31247.21051648808       6   0 0  1 5  0 0
   234  -25523160123.99959       6   1 0  0 4  0 1
   235   622797343.4174898       6   0 1  0 4  0 1
   236  -1765680986.378802       6   0 0  1 3  0 2
   237  -57272513890564.62       6   1 0  0 2  0 3
   238   12259954541889.33       6   0 1  0 2  0 3
   239   33759661349962.23       6   0 0  1 1  0 4
   240  -.7619103647449226E+17   6   1 0  0 0  0 5
   241   512642236327409.2       6   0 1  0 0  0 5
   242  -6599.587101658432       6   0 0  0 6  0 0
   243  -159193420.8322633       6   0 0  0 4  0 2
   244   101701712043.0597       6   0 0  0 2  0 4
   245  -13314189692822.83       6   0 0  0 0  0 6
     1  -1.014173057001070       1   0 0  1 0  0 0
     2  0.3379170741131301E-02   1   0 0  0 1  0 0
     3  0.4096479492786623       2   1 0  1 0  0 0
     4  0.2859484188623615       2   0 1  1 0  0 0
     5  0.1194930742503224E-01   2   1 0  0 1  0 0
     6  -.8843944344408697E-03   2   0 1  0 1  0 0
     7   417.4454093918382       2   0 0  1 0  0 1
     8  -49.87683404108267       2   0 0  0 1  0 1
     9  -42066.29153241760       3   2 0  1 0  0 0
    10   157.2132075494640       3   1 1  1 0  0 0
    11  -420.1185678386942       3   0 2  1 0  0 0
    12  -387063.1303397817       3   0 0  3 0  0 0
    13   79.00272479889321       3   2 0  0 1  0 0
    14  -7.877867009203857       3   1 1  0 1  0 0
    15   99.59139360832035       3   0 2  0 1  0 0
    16   5400.535764176690       3   0 0  2 1  0 0
    17   2213.738636273962       3   1 0  1 0  0 1
    18  -130.9237889342020       3   0 1  1 0  0 1
    19  -460.1224764920480       3   0 0  1 2  0 0
    20   14.20945021075551       3   1 0  0 1  0 1
    21   15.53901237330517       3   0 1  0 1  0 1
    22  -3190917.721039383       3   0 0  1 0  0 2
    23   35.68955682388119       3   0 0  0 3  0 0
    24   16116.75840697475       3   0 0  0 1  0 2
    25  -545691.0990172088       4   3 0  1 0  0 0
    26   19371.69741156836       4   2 1  1 0  0 0
    27   982.4006079203309       4   1 2  1 0  0 0
    28   198.9344756657317       4   0 3  1 0  0 0
    29  -3004604.286203709       4   1 0  3 0  0 0
    30   254652.1006268955       4   0 1  3 0  0 0
    31   1208.328596087753       4   3 0  0 1  0 0
    32   1284.964190162201       4   2 1  0 1  0 0
    33  -75.51806024088268       4   1 2  0 1  0 0
    34  -46.58249191826354       4   0 3  0 1  0 0
    35   13079.04060425591       4   1 0  2 1  0 0
    36  -3010.901255896607       4   0 1  2 1  0 0
    37   650234369.2044744       4   2 0  1 0  0 1
    38  -26876994.22313078       4   1 1  1 0  0 1
    39   6439451.799490011       4   0 2  1 0  0 1
    40   6477883044.602345       4   0 0  3 0  0 1
    41   1649.084029872475       4   1 0  1 2  0 0
    42   347.3158947983589       4   0 1  1 2  0 0
    43  -2486259.118722911       4   2 0  0 1  0 1
    44   2028253.555176594       4   1 1  0 1  0 1
    45  -42497.49624652518       4   0 2  0 1  0 1
    46  -165979672.1799809       4   0 0  2 1  0 1
    47   5254606.023023136       4   1 0  1 0  0 2
    48   1355498.584833791       4   0 1  1 0  0 2
    49  -30.85733893371213       4   1 0  0 3  0 0
    50  -21.63989965733577       4   0 1  0 3  0 0
    51   7483715.787737185       4   0 0  1 2  0 1
    52   58374.78362123456       4   1 0  0 1  0 2
    53  -6647.246318917427       4   0 1  0 1  0 2
    54   2384629366.808316       4   0 0  1 0  0 3
    55  -31449.82765963105       4   0 0  0 3  0 1
    56  -82119070.37854606       4   0 0  0 1  0 3
    57  -2699370165.370863       5   4 0  1 0  0 0
    58   3925322846.261196       5   3 1  1 0  0 0
    59  -1277320647.026269       5   2 2  1 0  0 0
    60   19398110.60751238       5   1 3  1 0  0 0
    61  -184732.0725490982       5   0 4  1 0  0 0
    62  -146359997068.0876       5   2 0  3 0  0 0
    63   24528079886.77591       5   1 1  3 0  0 0
    64  -11671280059.58842       5   0 2  3 0  0 0
    65  -1131547209983.411       5   0 0  5 0  0 0
    66   84691049.48582011       5   4 0  0 1  0 0
    67  -440406448.7425040       5   3 1  0 1  0 0
    68   4700867.475216014       5   2 2  0 1  0 0
    69  -57811.38334014855       5   1 3  0 1  0 0
    70   19416.56550465227       5   0 4  0 1  0 0
    71   21967182500.51206       5   2 0  2 1  0 0
    72  -2718400707.688506       5   1 1  2 1  0 0
    73   120982912.2333139       5   0 2  2 1  0 0
    74   198795513694.9514       5   0 0  4 1  0 0
    75  -1881675082.469806       5   3 0  1 0  0 1
    76  -338075511.0400609       5   2 1  1 0  0 1
    77   4367010.268417679       5   1 2  1 0  0 1
    78  -4720824.130474566       5   0 3  1 0  0 1
    79  -17288734300.34116       5   1 0  3 0  0 1
    80  -4095073997.292745       5   0 1  3 0  0 1
    81  -1410009303.538230       5   2 0  1 2  0 0
    82   14269001.44789109       5   1 1  1 2  0 0
    83  -1017003.451926272       5   0 2  1 2  0 0
    84  -13670602315.46959       5   0 0  3 2  0 0
    85   13407404.82118853       5   3 0  0 1  0 1
    86  -3461384.288614331       5   2 1  0 1  0 1
    87  -1543871.800392476       5   1 2  0 1  0 1
    88   36205.42429096701       5   0 3  0 1  0 1
    89   173349754.9548569       5   1 0  2 1  0 1
    90   122244861.9021164       5   0 1  2 1  0 1
    91  -1156294635237.900       5   2 0  1 0  0 2
    92   387109023342.5862       5   1 1  1 0  0 2
    93  -9472520721.010000       5   0 2  1 0  0 2
    94  -20067295837639.15       5   0 0  3 0  0 2
    95   3037985.675312987       5   2 0  0 3  0 0
    96  -27386.41703534908       5   1 1  0 3  0 0
    97   31506.92547752428       5   0 2  0 3  0 0
    98   89991303.21487780       5   0 0  2 3  0 0
    99  -18062289.89909500       5   1 0  1 2  0 1
   100  -6540017.727519725       5   0 1  1 2  0 1
   101   37575357010.81271       5   2 0  0 1  0 2
   102  -2381055404.985551       5   1 1  0 1  0 2
   103   526271207.5912613       5   0 2  0 1  0 2
   104   1518133148905.923       5   0 0  2 1  0 2
   105   11435792105.52334       5   1 0  1 0  0 3
   106  -601866039.1982266       5   0 1  1 0  0 3
   107  -500039.6250633266       5   0 0  1 4  0 0
   108  -47373.60145839165       5   1 0  0 3  0 1
   109   27127.82777093517       5   0 1  0 3  0 1
   110  -18523947023.38836       5   0 0  1 2  0 2
   111   159562376.2758359       5   1 0  0 1  0 3
   112   44704762.85007700       5   0 1  0 1  0 3
   113  -10400264140344.66       5   0 0  1 0  0 4
   114   8867.358203491614       5   0 0  0 5  0 0
   115   251249034.0902964       5   0 0  0 3  0 2
   116   76614648949.66071       5   0 0  0 1  0 4
   117  -53814066233.29858       6   5 0  1 0  0 0
   118  -50117737662.22089       6   4 1  1 0  0 0
   119   2894087781.386609       6   3 2  1 0  0 0
   120   1574394383.084425       6   2 3  1 0  0 0
   121  -30170022.06426402       6   1 4  1 0  0 0
   122  -24998.04657066989       6   0 5  1 0  0 0
   123  -860958541775.8359       6   3 0  3 0  0 0
   124  -330274072795.1886       6   2 1  3 0  0 0
   125   32619193453.77740       6   1 2  3 0  0 0
   126   11272313208.27490       6   0 3  3 0  0 0
   127  -2084733152258.622       6   1 0  5 0  0 0
   128   761732748552.1490       6   0 1  5 0  0 0
   129  -5902971468.834474       6   5 0  0 1  0 0
   130   1793564434.016168       6   4 1  0 1  0 0
   131   518658860.1052072       6   3 2  0 1  0 0
   132  -12979717.90927060       6   2 3  0 1  0 0
   133  -577027.8392494131       6   1 4  0 1  0 0
   134  -4546.178898157184       6   0 5  0 1  0 0
   135  -173012858296.3628       6   3 0  2 1  0 0
   136  -7050771406.339859       6   2 1  2 1  0 0
   137   3789196155.193007       6   1 2  2 1  0 0
   138  -148458361.6000826       6   0 3  2 1  0 0
   139  -1282854340087.179       6   1 0  4 1  0 0
   140  -180678089675.3623       6   0 1  4 1  0 0
   141   181044017760604.1       6   4 0  1 0  0 1
   142  -108966751479833.2       6   3 1  1 0  0 1
   143   4593101669631.607       6   2 2  1 0  0 1
   144  -558335494018.9012       6   1 3  1 0  0 1
   145   10712673314.57824       6   0 4  1 0  0 1
   146   5345765786018280.       6   2 0  3 0  0 1
   147  -857210405183910.8       6   1 1  3 0  0 1
   148   38587056887697.02       6   0 2  3 0  0 1
   149  0.3787412642325137E+17   6   0 0  5 0  0 1
   150   6076203584.548828       6   3 0  1 2  0 0
   151   1785544316.277804       6   2 1  1 2  0 0
   152  -31807038.42262273       6   1 2  1 2  0 0
   153   701330.8397848490       6   0 3  1 2  0 0
   154   55276296605.81247       6   1 0  3 2  0 0
   155   15410064763.46464       6   0 1  3 2  0 0
   156  -9016780369286.205       6   4 0  0 1  0 1
   157   674399729508.0996       6   3 1  0 1  0 1
   158  -201471875392.1558       6   2 2  0 1  0 1
   159   4262963708.665241       6   1 3  0 1  0 1
   160  -770301432.0192059       6   0 4  0 1  0 1
   161  -453162381792036.6       6   2 0  2 1  0 1
   162   18572294861458.95       6   1 1  2 1  0 1
   163  -2474614466117.539       6   0 2  2 1  0 1
   164  -3970163305611110.       6   0 0  4 1  0 1
   165  -4427780512300.316       6   3 0  1 0  0 2
   166  -574902768506.9443       6   2 1  1 0  0 2
   167  -289874180442.9688       6   1 2  1 0  0 2
   168   6368349193.297392       6   0 3  1 0  0 2
   169  -28627554877043.81       6   1 0  3 0  0 2
   170   12294419289798.28       6   0 1  3 0  0 2
   171   18665670.47486904       6   3 0  0 3  0 0
   172  -3530803.641384291       6   2 1  0 3  0 0
   173  -212959.2814743339       6   1 2  0 3  0 0
   174  -27907.68815100813       6   0 3  0 3  0 0
   175   449036561.6483446       6   1 0  2 3  0 0
   176  -114690036.5473272       6   0 1  2 3  0 0
   177   4819341137451.327       6   2 0  1 2  0 1
   178  -547266115393.5637       6   1 1  1 2  0 1
   179   35077526419.14079       6   0 2  1 2  0 1
   180   83656129347563.14       6   0 0  3 2  0 1
   181  -119167773845.4180       6   3 0  0 1  0 2
   182  -21185735659.85815       6   2 1  0 1  0 2
   183   674044382.8718866       6   1 2  0 1  0 2
   184  -442892582.8768173       6   0 3  0 1  0 2
   185  -4382525284881.781       6   1 0  2 1  0 2
   186  -1223056531590.351       6   0 1  2 1  0 2
   187   9419706174125894.       6   2 0  1 0  0 3
   188  -582387478711534.8       6   1 1  1 0  0 3
   189   73880233855538.11       6   0 2  1 0  0 3
   190  0.1291734811844244E+18   6   0 0  3 0  0 3
   191  -156236.0525824404       6   1 0  1 4  0 0
   192   541708.5499210756       6   0 1  1 4  0 0
   193  -51046320247.99918       6   2 0  0 3  0 1
   194   2491189373.669959       6   1 1  0 3  0 1
   195  -614218303.5463889       6   0 2  0 3  0 1
   196  -1797144969000.866       6   0 0  2 3  0 1
   197  -5297042959.136406       6   1 0  1 2  0 2
   198   14845190270.72359       6   0 1  1 2  0 2
   199  -57272513890564.62       6   2 0  0 1  0 3
   200   24519909083778.66       6   1 1  0 1  0 3
   201  -578002189340.8630       6   0 2  0 1  0 3
   202  -4055375850692982.       6   0 0  2 1  0 3
   203   33759661349962.23       6   1 0  1 0  0 4
   204   5688728132406.331       6   0 1  1 0  0 4
   205  -39597.52260995060       6   1 0  0 5  0 0
   206  -10752.09613927092       6   0 1  0 5  0 0
   207   15865701635.46581       6   0 0  1 4  0 1
   208  -636773683.3290532       6   1 0  0 3  0 2
   209  -253745349.8571540       6   0 1  0 3  0 2
   210   114775990597377.1       6   0 0  1 2  0 3
   211   203403424086.1193       6   1 0  0 1  0 4
   212  -27561498238.14719       6   0 1  0 1  0 4
   213  0.1083676949685834E+17   6   0 0  1 0  0 5
   214  -148100300.6512596       6   0 0  0 5  0 1
   215  -485288402008.9961       6   0 0  0 3  0 3
   216  -273050345574568.5       6   0 0  0 1  0 5
     1   8.447926859441631       1   0 0  1 0  0 0
     2  -1.014173057001070       1   0 0  0 1  0 0
     3  -21.74397167281873       2   1 0  1 0  0 0
     4  -2.234745532871939       2   0 1  1 0  0 0
     5  0.4096479492786623       2   1 0  0 1  0 0
     6  0.2859484188623615       2   0 1  0 1  0 0
     7  -125753.5814155662       2   0 0  1 0  0 1
     8   417.4454093918382       2   0 0  0 1  0 1
     9   25035725.71752624       3   2 0  1 0  0 0
    10  -19428.46653600773       3   1 1  1 0  0 0
    11   3297.880585286015       3   0 2  1 0  0 0
    12   225263938.5497105       3   0 0  3 0  0 0
    13  -42066.29153241760       3   2 0  0 1  0 0
    14   157.2132075494640       3   1 1  0 1  0 0
    15  -420.1185678386942       3   0 2  0 1  0 0
    16  -1161189.391019345       3   0 0  2 1  0 0
    17   176187.3133194265       3   1 0  1 0  0 1
    18   28406.46388616330       3   0 1  1 0  0 1
    19   5400.535764176690       3   0 0  1 2  0 0
    20   2213.738636273962       3   1 0  0 1  0 1
    21  -130.9237889342020       3   0 1  0 1  0 1
    22   68630534.55425100       3   0 0  1 0  0 2
    23  -153.3741588306827       3   0 0  0 3  0 0
    24  -3190917.721039383       3   0 0  0 1  0 2
    25  -75409127.47583705       4   3 0  1 0  0 0
    26  -12728621.25405801       4   2 1  1 0  0 0
    27   310053.3259154348       4   1 2  1 0  0 0
    28   2353.137589467402       4   0 3  1 0  0 0
    29  -783904489.1712236       4   1 0  3 0  0 0
    30  -108196868.5290738       4   0 1  3 0  0 0
    31  -545691.0990172088       4   3 0  0 1  0 0
    32   19371.69741156836       4   2 1  0 1  0 0
    33   982.4006079203309       4   1 2  0 1  0 0
    34   198.9344756657317       4   0 3  0 1  0 0
    35  -9013812.858611129       4   1 0  2 1  0 0
    36   763956.3018806865       4   0 1  2 1  0 0
    37  -20885177306.27303       4   2 0  1 0  0 1
    38   5135145872.616652       4   1 1  1 0  0 1
    39  -100380800.2008029       4   0 2  1 0  0 1
    40  -333778277627.3751       4   0 0  3 0  0 1
    41   13079.04060425591       4   1 0  1 2  0 0
    42  -3010.901255896607       4   0 1  1 2  0 0
    43   650234369.2044744       4   2 0  0 1  0 1
    44  -26876994.22313078       4   1 1  0 1  0 1
    45   6439451.799490011       4   0 2  0 1  0 1
    46   19433649133.80704       4   0 0  2 1  0 1
    47   377861789.0213520       4   1 0  1 0  0 2
    48  -8280468.654007238       4   0 1  1 0  0 2
    49   549.6946766241584       4   1 0  0 3  0 0
    50   115.7719649327863       4   0 1  0 3  0 0
    51  -165979672.1799809       4   0 0  1 2  0 1
    52   5254606.023023136       4   1 0  0 1  0 2
    53   1355498.584833791       4   0 1  0 1  0 2
    54  -400834139297.2034       4   0 0  1 0  0 3
    55   2494571.929245729       4   0 0  0 3  0 1
    56   2384629366.808316       4   0 0  0 1  0 3
    57   1183884359225.567       5   4 0  1 0  0 0
    58  -38817335471.35291       5   3 1  1 0  0 0
    59   26109767088.47537       5   2 2  1 0  0 0
    60  -10910907822.68891       5   1 3  1 0  0 0
    61   5402755.980104159       5   0 4  1 0  0 0
    62   35648913719653.18       5   2 0  3 0  0 0
    63  -469751051341.6791       5   1 1  3 0  0 0
    64   352825921278.4381       5   0 2  3 0  0 0
    65   234297140068723.8       5   0 0  5 0  0 0
    66  -2699370165.370863       5   4 0  0 1  0 0
    67   3925322846.261196       5   3 1  0 1  0 0
    68  -1277320647.026269       5   2 2  0 1  0 0
    69   19398110.60751238       5   1 3  0 1  0 0
    70  -184732.0725490982       5   0 4  0 1  0 0
    71  -439079991204.2629       5   2 0  2 1  0 0
    72   73584239660.32774       5   1 1  2 1  0 0
    73  -35013840178.76525       5   0 2  2 1  0 0
    74  -5657736049917.053       5   0 0  4 1  0 0
    75  -237661947239.2958       5   3 0  1 0  0 1
    76  -2037247394.386835       5   2 1  1 0  0 1
    77  -2168229668.138593       5   1 2  1 0  0 1
    78   58093450.85366339       5   0 3  1 0  0 1
    79  -2229406564134.900       5   1 0  3 0  0 1
    80   126907578592.2276       5   0 1  3 0  0 1
    81   21967182500.51206       5   2 0  1 2  0 0
    82  -2718400707.688506       5   1 1  1 2  0 0
    83   120982912.2333139       5   0 2  1 2  0 0
    84   397591027389.9028       5   0 0  3 2  0 0
    85  -1881675082.469806       5   3 0  0 1  0 1
    86  -338075511.0400609       5   2 1  0 1  0 1
    87   4367010.268417679       5   1 2  0 1  0 1
    88  -4720824.130474566       5   0 3  0 1  0 1
    89  -51866202901.02348       5   1 0  2 1  0 1
    90  -12285221991.87823       5   0 1  2 1  0 1
    91   261957172131375.8       5   2 0  1 0  0 2
    92  -8486620075089.469       5   1 1  1 0  0 2
    93   1091602179502.489       5   0 2  1 0  0 2
    94   3101350900029067.       5   0 0  3 0  0 2
    95  -470003101.1794100       5   2 0  0 3  0 0
    96   4756333.815963696       5   1 1  0 3  0 0
    97  -339001.1506420907       5   0 2  0 3  0 0
    98  -13670602315.46959       5   0 0  2 3  0 0
    99   173349754.9548569       5   1 0  1 2  0 1
   100   122244861.9021164       5   0 1  1 2  0 1
   101  -1156294635237.900       5   2 0  0 1  0 2
   102   387109023342.5862       5   1 1  0 1  0 2
   103  -9472520721.010000       5   0 2  0 1  0 2
   104  -60201887512917.45       5   0 0  2 1  0 2
   105   1208819143795.681       5   1 0  1 0  0 3
   106   165572710953.2250       5   0 1  1 0  0 3
   107   44995651.60743890       5   0 0  1 4  0 0
   108  -6020763.299698332       5   1 0  0 3  0 1
   109  -2180005.909173241       5   0 1  0 3  0 1
   110   1518133148905.923       5   0 0  1 2  0 2
   111   11435792105.52334       5   1 0  0 1  0 3
   112  -601866039.1982266       5   0 1  0 1  0 3
   113   347981403992048.8       5   0 0  1 0  0 4
   114  -100007.9250126653       5   0 0  0 5  0 0
   115  -6174649007.796121       5   0 0  0 3  0 2
   116  -10400264140344.66       5   0 0  0 1  0 4
   117   52197202795806.12       6   5 0  1 0  0 0
   118  -2986165166036.824       6   4 1  1 0  0 0
   119  -584964708011.9966       6   3 2  1 0  0 0
   120   39299227161.62862       6   2 3  1 0  0 0
   121   9236264220.275778       6   1 4  1 0  0 0
   122  -70462266.37452923       6   0 5  1 0  0 0
   123   823924861474473.9       6   3 0  3 0  0 0
   124  -35397112500221.54       6   2 1  3 0  0 0
   125  -2371233796891.093       6   1 2  3 0  0 0
   126  -147098661920.0687       6   0 3  3 0  0 0
   127   3200462946944023.       6   1 0  5 0  0 0
   128  -198191447593732.0       6   0 1  5 0  0 0
   129  -53814066233.29858       6   5 0  0 1  0 0
   130  -50117737662.22089       6   4 1  0 1  0 0
   131   2894087781.386609       6   3 2  0 1  0 0
   132   1574394383.084425       6   2 3  0 1  0 0
   133  -30170022.06426402       6   1 4  0 1  0 0
   134  -24998.04657066989       6   0 5  0 1  0 0
   135  -2582875625327.508       6   3 0  2 1  0 0
   136  -990822218385.5658       6   2 1  2 1  0 0
   137   97857580361.33221       6   1 2  2 1  0 0
   138   33816939624.82470       6   0 3  2 1  0 0
   139  -10423665761293.11       6   1 0  4 1  0 0
   140   3808663742760.745       6   0 1  4 1  0 0
   141  -.3902819882788630E+17   6   4 0  1 0  0 1
   142   2541572581314250.       6   3 1  1 0  0 1
   143  -991125886963341.6       6   2 2  1 0  0 1
   144   14730983072730.17       6   1 3  1 0  0 1
   145  -1173314822775.999       6   0 4  1 0  0 1
   146  -.7866059986738931E+18   6   2 0  3 0  0 1
   147  0.3394414046809062E+17   6   1 1  3 0  0 1
   148  -6127081289493724.       6   0 2  3 0  0 1
   149  -.4804380711726150E+19   6   0 0  5 0  0 1
   150  -173012858296.3628       6   3 0  1 2  0 0
   151  -7050771406.339859       6   2 1  1 2  0 0
   152   3789196155.193007       6   1 2  1 2  0 0
   153  -148458361.6000826       6   0 3  1 2  0 0
   154  -2565708680174.357       6   1 0  3 2  0 0
   155  -361356179350.7247       6   0 1  3 2  0 0
   156   181044017760604.1       6   4 0  0 1  0 1
   157  -108966751479833.2       6   3 1  0 1  0 1
   158   4593101669631.607       6   2 2  0 1  0 1
   159  -558335494018.9012       6   1 3  0 1  0 1
   160   10712673314.57824       6   0 4  0 1  0 1
   161  0.1603729735805484E+17   6   2 0  2 1  0 1
   162  -2571631215551732.       6   1 1  2 1  0 1
   163   115761170663091.1       6   0 2  2 1  0 1
   164  0.1893706321162568E+18   6   0 0  4 1  0 1
   165  -1041232971130056.       6   3 0  1 0  0 2
   166  -173362834127094.7       6   2 1  1 0  0 2
   167   3126827417686.100       6   1 2  1 0  0 2
   168  -717808643177.2810       6   0 3  1 0  0 2
   169  -.1279030278189512E+17   6   1 0  3 0  0 2
   170  -1938589640179294.       6   0 1  3 0  0 2
   171   2025401194.849609       6   3 0  0 3  0 0
   172   595181438.7592679       6   2 1  0 3  0 0
   173  -10602346.14087424       6   1 2  0 3  0 0
   174   233776.9465949497       6   0 3  0 3  0 0
   175   55276296605.81247       6   1 0  2 3  0 0
   176   15410064763.46464       6   0 1  2 3  0 0
   177  -453162381792036.6       6   2 0  1 2  0 1
   178   18572294861458.95       6   1 1  1 2  0 1
   179  -2474614466117.539       6   0 2  1 2  0 1
   180  -7940326611222220.       6   0 0  3 2  0 1
   181  -4427780512300.316       6   3 0  0 1  0 2
   182  -574902768506.9443       6   2 1  0 1  0 2
   183  -289874180442.9688       6   1 2  0 1  0 2
   184   6368349193.297392       6   0 3  0 1  0 2
   185  -85882664631131.44       6   1 0  2 1  0 2
   186   36883257869394.84       6   0 1  2 1  0 2
   187  -.3166181272868767E+18   6   2 0  1 0  0 3
   188  0.8580705114892754E+17   6   1 1  1 0  0 3
   189  -1785105989954013.       6   0 2  1 0  0 3
   190  -.6319644165256016E+19   6   0 0  3 0  0 3
   191   224518280.8241723       6   1 0  1 4  0 0
   192  -57345018.27366359       6   0 1  1 4  0 0
   193   1606447045817.109       6   2 0  0 3  0 1
   194  -182422038464.5212       6   1 1  0 3  0 1
   195   11692508806.38026       6   0 2  0 3  0 1
   196   83656129347563.14       6   0 0  2 3  0 1
   197  -4382525284881.781       6   1 0  1 2  0 2
   198  -1223056531590.351       6   0 1  1 2  0 2
   199   9419706174125894.       6   2 0  0 1  0 3
   200  -582387478711534.8       6   1 1  0 1  0 3
   201   73880233855538.11       6   0 2  0 1  0 3
   202  0.3875204435532733E+18   6   0 0  2 1  0 3
   203   1864293376579948.       6   1 0  1 0  0 4
   204  -31966231722524.14       6   0 1  1 0  0 4
   205  -31247.21051648808       6   1 0  0 5  0 0
   206   108341.7099842151       6   0 1  0 5  0 0
   207  -898572484500.4330       6   0 0  1 4  0 1
   208  -1765680986.378802       6   1 0  0 3  0 2
   209   4948396756.907864       6   0 1  0 3  0 2
   210  -4055375850692982.       6   0 0  1 2  0 3
   211   33759661349962.23       6   1 0  0 1  0 4
   212   5688728132406.331       6   0 1  0 1  0 4
   213  -.1323670038064132E+19   6   0 0  1 0  0 5
   214   3173140327.093162       6   0 0  0 5  0 1
   215   38258663532459.02       6   0 0  0 3  0 3
   216  0.1083676949685834E+17   6   0 0  0 1  0 5
     1  0.3695453008898191E-08   1   1 0  0 0  0 0
     2  -.5929043674815046E-10   1   0 1  0 0  0 0
     3   1.000000000000000       1   0 0  0 0  1 0
     4  -6.347095215459650       1   0 0  0 0  0 1
     5  -9901.983973968270       2   2 0  0 0  0 0
     6   14.73377211267752       2   1 1  0 0  0 0
     7  -98.99271239729239       2   0 2  0 0  0 0
     8  -62876.79070778312       2   0 0  2 0  0 0
     9   417.4454093918382       2   0 0  1 1  0 0
    10  -7.178091845603738       2   1 0  0 0  0 1
    11  0.1210032351375697       2   0 1  0 0  0 1
    12  -24.93841702054133       2   0 0  0 2  0 0
    13  -15.41461241262694       2   0 0  0 0  0 2
    14   7726.837516188320       3   3 0  0 0  0 0
    15   1390.263599705412       3   2 1  0 0  0 0
    16  -85.79884260935664       3   1 2  0 0  0 0
    17   15.67461525105566       3   0 3  0 0  0 0
    18   88093.65665971326       3   1 0  2 0  0 0
    19   14203.23194308165       3   0 1  2 0  0 0
    20   2213.738636273962       3   1 0  1 1  0 0
    21  -130.9237889342020       3   0 1  1 1  0 0
    22   1526969.736576692       3   2 0  0 0  0 1
    23  -3923398.195080812       3   1 1  0 0  0 1
    24   103.4615196486003       3   0 2  0 0  0 1
    25   68630534.55425100       3   0 0  2 0  0 1
    26   7.104725105377755       3   1 0  0 2  0 0
    27   7.769506186652586       3   0 1  0 2  0 0
    28  -6381835.442078766       3   0 0  1 1  0 1
    29  -9221.686374158793       3   1 0  0 0  0 2
    30  -1032.411106508209       3   0 1  0 0  0 2
    31   16116.75840697475       3   0 0  0 2  0 1
    32  -2.610595915863317       3   0 0  0 0  0 3
    33  -216954919.6117725       4   4 0  0 0  0 0
    34   432151293.4207903       4   3 1  0 0  0 0
    35  -3042099.221065646       4   2 2  0 0  0 0
    36   4316685.304791116       4   1 3  0 0  0 0
    37   1104.376886767579       4   0 4  0 0  0 0
    38  -10442588653.13652       4   2 0  2 0  0 0
    39   2567572936.308326       4   1 1  2 0  0 0
    40  -50190400.10040143       4   0 2  2 0  0 0
    41  -83444569406.84377       4   0 0  4 0  0 0
    42   650234369.2044744       4   2 0  1 1  0 0
    43  -26876994.22313078       4   1 1  1 1  0 0
    44   6439451.799490011       4   0 2  1 1  0 0
    45   6477883044.602345       4   0 0  3 1  0 0
    46   2078552.961076475       4   3 0  0 0  0 1
    47   869121.0590329252       4   2 1  0 0  0 1
    48   859682.4017273990       4   1 2  0 0  0 1
    49  -18764.16052580676       4   0 3  0 0  0 1
    50   377861789.0213520       4   1 0  2 0  0 1
    51  -8280468.654007238       4   0 1  2 0  0 1
    52  -1243129.559361456       4   2 0  0 2  0 0
    53   1014126.777588297       4   1 1  0 2  0 0
    54  -21248.74812326259       4   0 2  0 2  0 0
    55  -82989836.08999047       4   0 0  2 2  0 0
    56   10509212.04604627       4   1 0  1 1  0 1
    57   2710997.169667582       4   0 1  1 1  0 1
    58  -58212420334.34633       4   2 0  0 0  0 2
    59   435779728.6880274       4   1 1  0 0  0 2
    60  -291534427.5699930       4   0 2  0 0  0 2
    61  -601251208945.8052       4   0 0  2 0  0 2
    62   2494571.929245729       4   0 0  1 3  0 0
    63   58374.78362123456       4   1 0  0 2  0 1
    64  -6647.246318917427       4   0 1  0 2  0 1
    65   7153888100.424949       4   0 0  1 1  0 2
    66  -27919496.59757406       4   1 0  0 0  0 3
    67  -1219451.379880826       4   0 1  0 0  0 3
    68  -7862.456914907763       4   0 0  0 4  0 0
    69  -123178605.5678191       4   0 0  0 2  0 2
    70  -4722.688536213318       4   0 0  0 0  0 4
    71  -5629209441.178602       5   5 0  0 0  0 0
    72  -236385931.0107291       5   4 1  0 0  0 0
    73  -68905236.05456810       5   3 2  0 0  0 0
    74  -901616.3086591605       5   2 3  0 0  0 0
    75  -1971784.392394236       5   1 4  0 0  0 0
    76   17702.76821803160       5   0 5  0 0  0 0
    77  -118830973619.6479       5   3 0  2 0  0 0
    78  -1018623697.193418       5   2 1  2 0  0 0
    79  -1084114834.069296       5   1 2  2 0  0 0
    80   29046725.42683170       5   0 3  2 0  0 0
    81  -557351641033.7251       5   1 0  4 0  0 0
    82   31726894648.05690       5   0 1  4 0  0 0
    83  -1881675082.469806       5   3 0  1 1  0 0
    84  -338075511.0400609       5   2 1  1 1  0 0
    85   4367010.268417679       5   1 2  1 1  0 0
    86  -4720824.130474566       5   0 3  1 1  0 0
    87  -17288734300.34116       5   1 0  3 1  0 0
    88  -4095073997.292745       5   0 1  3 1  0 0
    89   17107188064287.56       5   4 0  0 0  0 1
    90  -289894430368.5817       5   3 1  0 0  0 1
    91   385323830991.0900       5   2 2  0 0  0 1
    92  -1622687928.132287       5   1 3  0 0  0 1
    93   854527983.7440392       5   0 4  0 0  0 1
    94   261957172131375.8       5   2 0  2 0  0 1
    95  -8486620075089.469       5   1 1  2 0  0 1
    96   1091602179502.489       5   0 2  2 0  0 1
    97   1550675450014534.       5   0 0  4 0  0 1
    98   6703702.410594266       5   3 0  0 2  0 0
    99  -1730692.144307165       5   2 1  0 2  0 0
   100  -771935.9001962381       5   1 2  0 2  0 0
   101   18102.71214548351       5   0 3  0 2  0 0
   102   86674877.47742845       5   1 0  2 2  0 0
   103   61122430.95105822       5   0 1  2 2  0 0
   104  -2312589270475.801       5   2 0  1 1  0 1
   105   774218046685.1724       5   1 1  1 1  0 1
   106  -18945041442.02000       5   0 2  1 1  0 1
   107  -40134591675278.30       5   0 0  3 1  0 1
   108   88362799018.70845       5   3 0  0 0  0 2
   109   16295038563.37891       5   2 1  0 0  0 2
   110  -1017996084.132545       5   1 2  0 0  0 2
   111   75901163.50378925       5   0 3  0 0  0 2
   112   1813228715693.522       5   1 0  2 0  0 2
   113   248359066429.8375       5   0 1  2 0  0 2
   114  -6020763.299698332       5   1 0  1 3  0 0
   115  -2180005.909173241       5   0 1  1 3  0 0
   116   37575357010.81271       5   2 0  0 2  0 1
   117  -2381055404.985551       5   1 1  0 2  0 1
   118   526271207.5912613       5   0 2  0 2  0 1
   119   1518133148905.923       5   0 0  2 2  0 1
   120   34307376316.57002       5   1 0  1 1  0 2
   121  -1805598117.594680       5   0 1  1 1  0 2
   122   10587449505921.77       5   2 0  0 0  0 3
   123  -15376335779534.31       5   1 1  0 0  0 3
   124   27588156572.74832       5   0 2  0 0  0 3
   125   695962807984097.6       5   0 0  2 0  0 3
   126  -11843.40036459791       5   1 0  0 4  0 0
   127   6781.956942733792       5   0 1  0 4  0 0
   128  -12349298015.59224       5   0 0  1 3  0 1
   129   239343564.4137539       5   1 0  0 2  0 2
   130   67057144.27511549       5   0 1  0 2  0 2
   131  -41601056561378.64       5   0 0  1 1  0 3
   132  -27943735455.40604       5   1 0  0 0  0 4
   133  -3461831274.563445       5   0 1  0 0  0 4
   134   125624517.0451482       5   0 0  0 4  0 1
   135   153229297899.3214       5   0 0  0 2  0 3
   136  -6677442.841530235       5   0 0  0 0  0 5
   137  -944491829631704.9       6   6 0  0 0  0 0
   138   30798081888851.36       6   5 1  0 0  0 0
   139  -56511485254866.25       6   4 2  0 0  0 0
   140   458792110950.9736       6   3 3  0 0  0 0
   141  -283362848888.6218       6   2 4  0 0  0 0
   142   1057092600.316013       6   1 5  0 0  0 0
   143  -470594073.9841080       6   0 6  0 0  0 0
   144  -.1951409941394315E+17   6   4 0  2 0  0 0
   145   1270786290657125.       6   3 1  2 0  0 0
   146  -495562943481670.8       6   2 2  2 0  0 0
   147   7365491536365.086       6   1 3  2 0  0 0
   148  -586657411387.9996       6   0 4  2 0  0 0
   149  -.1966514996684733E+18   6   2 0  4 0  0 0
   150   8486035117022656.       6   1 1  4 0  0 0
   151  -1531770322373431.       6   0 2  4 0  0 0
   152  -.8007301186210249E+18   6   0 0  6 0  0 0
   153   181044017760604.1       6   4 0  1 1  0 0
   154  -108966751479833.2       6   3 1  1 1  0 0
   155   4593101669631.607       6   2 2  1 1  0 0
   156  -558335494018.9012       6   1 3  1 1  0 0
   157   10712673314.57824       6   0 4  1 1  0 0
   158   5345765786018280.       6   2 0  3 1  0 0
   159  -857210405183910.8       6   1 1  3 1  0 0
   160   38587056887697.02       6   0 2  3 1  0 0
   161  0.3787412642325137E+17   6   0 0  5 1  0 0
   162  -44496582612834.25       6   5 0  0 0  0 1
   163  -7937147017345.860       6   4 1  0 0  0 1
   164  -60253783585.01456       6   3 2  0 0  0 1
   165  -141774672970.1715       6   2 3  0 0  0 1
   166   3016230412.646430       6   1 4  0 0  0 1
   167  -456988155.5299140       6   0 5  0 0  0 1
   168  -1041232971130056.       6   3 0  2 0  0 1
   169  -173362834127094.7       6   2 1  2 0  0 1
   170   3126827417686.100       6   1 2  2 0  0 1
   171  -717808643177.2810       6   0 3  2 0  0 1
   172  -6395151390947561.       6   1 0  4 0  0 1
   173  -969294820089646.9       6   0 1  4 0  0 1
   174  -4508390184643.103       6   4 0  0 2  0 0
   175   337199864754.0498       6   3 1  0 2  0 0
   176  -100735937696.0779       6   2 2  0 2  0 0
   177   2131481854.332621       6   1 3  0 2  0 0
   178  -385150716.0096030       6   0 4  0 2  0 0
   179  -226581190896018.3       6   2 0  2 2  0 0
   180   9286147430729.475       6   1 1  2 2  0 0
   181  -1237307233058.770       6   0 2  2 2  0 0
   182  -1985081652805555.       6   0 0  4 2  0 0
   183  -8855561024600.633       6   3 0  1 1  0 1
   184  -1149805537013.889       6   2 1  1 1  0 1
   185  -579748360885.9375       6   1 2  1 1  0 1
   186   12736698386.59478       6   0 3  1 1  0 1
   187  -57255109754087.62       6   1 0  3 1  0 1
   188   24588838579596.56       6   0 1  3 1  0 1
   189  -7630158561791061.       6   4 0  0 0  0 2
   190  0.1527562167718102E+17   6   3 1  0 0  0 2
   191  -165002582236677.5       6   2 2  0 0  0 2
   192   114344467945340.1       6   1 3  0 0  0 2
   193  -152373944359.9420       6   0 4  0 0  0 2
   194  -.4749271909303150E+18   6   2 0  2 0  0 2
   195  0.1287105767233913E+18   6   1 1  2 0  0 2
   196  -2677658984931019.       6   0 2  2 0  0 2
   197  -.4739733123942012E+19   6   0 0  4 0  0 2
   198   1606447045817.109       6   2 0  1 3  0 0
   199  -182422038464.5212       6   1 1  1 3  0 0
   200   11692508806.38026       6   0 2  1 3  0 0
   201   27885376449187.71       6   0 0  3 3  0 0
   202  -119167773845.4180       6   3 0  0 2  0 1
   203  -21185735659.85815       6   2 1  0 2  0 1
   204   674044382.8718866       6   1 2  0 2  0 1
   205  -442892582.8768173       6   0 3  0 2  0 1
   206  -4382525284881.781       6   1 0  2 2  0 1
   207  -1223056531590.351       6   0 1  2 2  0 1
   208  0.2825911852237768E+17   6   2 0  1 1  0 2
   209  -1747162436134604.       6   1 1  1 1  0 2
   210   221640701566614.3       6   0 2  1 1  0 2
   211  0.3875204435532733E+18   6   0 0  3 1  0 2
   212   81914273906684.31       6   3 0  0 0  0 3
   213   6561938996795.452       6   2 1  0 0  0 3
   214   4571922704055.827       6   1 2  0 0  0 3
   215  -115322729770.9285       6   0 3  0 0  0 3
   216   3728586753159897.       6   1 0  2 0  0 3
   217  -63932463445048.28       6   0 1  2 0  0 3
   218  -12761580061.99980       6   2 0  0 4  0 0
   219   622797343.4174898       6   1 1  0 4  0 0
   220  -153554575.8865972       6   0 2  0 4  0 0
   221  -449286242250.2165       6   0 0  2 4  0 0
   222  -3531361972.757604       6   1 0  1 3  0 1
   223   9896793513.815727       6   0 1  1 3  0 1
   224  -85908770835846.94       6   2 0  0 2  0 2
   225   36779863625667.99       6   1 1  0 2  0 2
   226  -867003284011.2946       6   0 2  0 2  0 2
   227  -6083063776039474.       6   0 0  2 2  0 2
   228   135038645399848.9       6   1 0  1 1  0 3
   229   22754912529625.32       6   0 1  1 1  0 3
   230  -.1904775911862307E+18   6   2 0  0 0  0 4
   231   2563211181637046.       6   1 1  0 0  0 4
   232  -951926730379090.5       6   0 2  0 0  0 4
   233  -.3309175095160330E+19   6   0 0  2 0  0 4
   234   3173140327.093162       6   0 0  1 5  0 0
   235  -318386841.6645266       6   1 0  0 4  0 1
   236  -126872674.9285770       6   0 1  0 4  0 1
   237   114775990597377.1       6   0 0  1 3  0 2
   238   406806848172.2386       6   1 0  0 2  0 3
   239  -55122996476.29438       6   0 1  0 2  0 3
   240  0.5418384748429172E+17   6   0 0  1 1  0 4
   241  -79885138156937.00       6   1 0  0 0  0 5
   242  -3334606038552.145       6   0 1  0 0  0 5
   243  -24683383.44187660       6   0 0  0 6  0 0
   244  -363966301506.7471       6   0 0  0 4  0 2
   245  -682625863936421.2       6   0 0  0 2  0 4
   246  -12006551838.94160       6   0 0  0 0  0 6
     1   1.000000000000000       1   0 0  0 0  0 1
